Source PDF: 07_SPOM/Set_B_Strategic_Cost_Performance_Management/001 - Appendix - 74863bos60510-appendix.pdf
Absolute PDF: C:\Users\USER\OneDrive\Documents\CA FINAL MAY 2027\CA_Final_May_2027_Command_Center\ICAI_Materials\07_SPOM\Set_B_Strategic_Cost_Performance_Management\001 - Appendix - 74863bos60510-appendix.pdf
Extracted at: 2026-05-31T10:27:58+05:30
Pages: 8
Engine: pymupdf
====================== PAGE 1 ======================


APPENDIX            A.1


    STANDARD NORMAL CUMULATIVE PROBABILITY TABLE


                Cumulatively Probabilities for NEGATIVE z-Values
   Z        0.00        0.01        0.02        0.03        0.04       0.05         0.06         0.07        0.08        0.09
   -3.4      0.0003      0.0003      0.0003      0.0003      0.0003      0.0003       0.0003        0.0003      0.0003      0.0002
   -3.3      0.0005      0.0005      0.0005      0.0004      0.0004      0.0004       0.0004        0.0004      00004       0.0003
   -3.2      0.0007      0.0007      0.0006      0.0006      0.0006      0.0006       0.0006        0.0005      0.0005      0.0005
   -3.1      0.0010      0.0009      0.0009      0.0009      0.0008      0.0008       0.0008        0.0008      0.0007      0.0007
   -3.0      0.0013      0.0013      0.0013      0.0012      0.0012      0.0011       0.0011        0.0011      0.0010      0.0010
   -2.9      0.0019      0.0018      0.0018      0.0017      0.0016      0.0016       0.0015        0.0015      0.0014      0.0014
   -2.8      0.0026      0.0025      0.0024      0.0023      0.0023      0.0022       0.0021        0.0021      0.0020      0.0019
   -2.7      0.0035      0.0034      0.0033      0.0032      0.0031      0.0030       0.0029        0.0028      0.0027      0.0026
   -2.6      0.0047      0.0045      0.0044      0.0043      0.0041      0.0040       0.0039        0.0038      0.0037      0.0036
   -2.5      0.0062      0.0060      0.0059      0.0057      0.0055      0.0054       0.0052        0.0051      0.0049      00048
   -2.4      0.0082      0.0080      0.0078      0.0075      0.0073      0.0071       0.0069        0.0068      0.0066      0.0064
   -2.3      0.0107      0.0104      0.0102      0.0099      0.0096      0.0094       0.0091        0.0089      0.0087      00084
   -2.2      0.0139      0.0136      0.0132      0.0129      0.0125      0.0122       0.0119        0.0116      0.0113      0.0110
   -2.1      0.0179      0.0174      0.0170      0.0166      0.0162      0.0158       0.0154        0.0150      0.0146      0.0143
   -2.0      0.0228      0.0222      0.0217      0.0212      0.0207      0.0202       0.0197        0.0192      0.0188      0.0183
   -1.9      0.0287      0.0281      0.0274      0.0268      0.0262      0.0256       0.0250        0.0244      0.0239      0.0233
   -1.8      0.0359      0.0351      0.0344      0.0336      0.0329      0.0322       0.0314        0.0307      0.0301      0.0294
   -1.7      0.0446      0.0436      0.0427      0.0418      0.0409      0.0401       0.0392        0.0384      0.0375      0.0367
   -1.6      0.0548      0.0537      0.0526      0.0516      0.0505      0.0495       0.0485        0.0475      0.0465      0.0455
   -1.5      0.0668      0.0655      0.0643      0.0630      0.0618      0.0606       0.0594        0.0582      0.0571      0.0559
   -1.4      0.0808      0.0793      0.0778      0.0764      0.0749      0.0735       0.0721        0.0708      0.0694      0.0681
   -1.3      0.0968      0.0951      0.0934      0.0918      0.0901      0.0885       0.0869        0.0853      0.0838      0.0823
   -1.2      0.1151      0.1131      0.1112      0.1093      0.1075      0.1056       0.1038        0.1020      0.1003      0.0985
   -1.1      0.1357      0.1335      0.1314      0.1292      0.1271      0.1251       0.1230        0.1210      0.1190      0.1170
   -1.0      0.1587      0.1562      0.1539      0.1515      0.1492      0.1469       0.1446       01423       0.1401      0.1379
   -0.9      0.1841      0.1814      0.1788      0,1762      0.1736      0.1711       0.1685        0.1660      0.1635      01611
   -0.8      0.2119      0.2090      0.2061      0.2033      0.2005      0.1977       0.1949        0.1922      0.1894      0.1867
   -0.7      0.2420      0.2389      0.2358      0.2327      0.2296      0.2266       0.2236        0.2206      0.2177      0.2148
   -0.6      0.2743      0.2709      0.2676      0.2643      0.2611      0.2578       0.2546        0.2514      0.2483      0.2451
   -0.5      0.3085      0.3050      0.3015      0.2981      0.2946      0.2912       0.2877        0.2843      0.2810      0.2776
   -0.4      0.3446      0.3409      0.3372      0.3336      0.3300      0.3264       0.3228        0.3192      0.3156      0.3121
   -0.3      0.3821      0.3783      0.3745      0.3707      0.3669      0.3632       0.3594        0.3557      0.3520      0.3483
   -0.2      0.4207      0.4168      0.4129      0.4090      0.4052      0.4013       0.3974        0.3936      0.3897      0.3859
   -0.1      0.4602      0.4562      0.4522      0.4483      0.4443      0.4404       0.4364        0.4325      0.4286      0.4247
   0.0      0.5000      0.4960      0.4920      0.4880      0.4840      0.4801       0.4761        0.4721      0.4681      0.4641


© The Institute of Chartered Accountants of India


====================== PAGE 2 ======================


A.2      STRATEGIC COST & PERFORMANCE MANAGEMENT


                 Cumulatively Probabilities for POSITIVE z-Values
 Z       0.00       0.01         0.02       0.03        0.04          0.05        0.06         0.07       0.08       0.09
   0.0      0.5000       0.5040      0.5080      0.5120       0.5160       0.5199       0.5239       0.5279      0.5319      0.5359
   0.1      0.5398       0.5438      0.5478      0.5517       0.5557       0.5596       0.5636       0.5675      0.5714      0.5753
   0.2      0.5793       0.5832      0.5871      0.5910       0.5948       0.5987       0.6026       0.6064      0.6103      0.6141
   0.3      0.6179       0.6217      0.6255      0.6293       0.6331       0.6368       0.6406       0.6443      0.6480      0.6517
   0.4      0.6554       0.6591      0.6628      0.6664       0.6700       0.6736       0.6772       0.6808      0.6844      0.6879
   0.5      0.6915       0.6950      0.6985      0.7019       0.7054       0.7088       0.7123       0.7157      0.7190      0.7224
   0.6      0.7257       0.7291      0.7324      0.7357       0.7389       0.7422       0.7454       0.7486      0.7517      0.7549
   0.7      0.7580       0.7611      0.7642      0.7673       0.7704       0.7734       0.7764       0.7794      0.7823      0.7852
   0.8      0.7881       0.7910      0.7939      0.7967       0.7995       0.8023       0.8051       0.8078      0.8106      08133
   0.9      0.8159       0.8186      0.8212      0.8238       0.8264       0.8289       0.8315       0.8340      0.8365      0.8389
   1.0      0.8413       0.8438      0.8461      0.8485       0.8508       0.8531       0.8554       0.8577      0.8599      0.8621
   1.1      0.8643       0.8665      0.8686      0.8708       0.8729       0.8749       0.8770       0.8790      0.8810      0.8830
   1.2      0.8849       0.8869      0.8888      0.8907       0.8925       0.8944       0.8962       0.8980      08997      0.9015
   1.3      0.9032       0.9049      0.9066      0.9082       0.9099       0.9115       0.9131       0.9147      0.9162      0.9177
   1.4      0.9192       0.9207      0.9222      0.9236       0.9251       0.9265       0.9279       0.9292      0.9306      0.9319
   1.5      0.9332       0.9345      0.9357      0.9370       0.9382       0.9394       0.9406       0.9418      0.9429      0.9441
   1.6      0.9452       0.9463      0.9474      0.9484       0.9495       0.9505       0.9515       0.9525      0.9535      0.9545
   1.7      0.9554       0.9564      0.9573      0.9582       0.9591       0.9599       0.9608       0.9616      0.9625      0.9633
   1.8      0.9641       0.9649      0.9656      0.9664       0.9671       0.9678       0.9686       0.9693      0.9699      0.9706
   1.9      0.9713       0.9719      0.9726      0.9732       0.9738       0.9744       0.9750       0.9756      0.9761      0.9767
   2.0      0.9772       0.9778      0.9783      0.9788       0.9793       0.9798       0.9803       0.9808      0.9812      0.9817
   2.1      0.9821       0.9826      0.9830      0.9834       0.9838       0.9842       0.9846       0.9850      09854      0.9857
   2.2      0.9861       0.9864      0.9868      0.9871       0.9875       0.9878       0.9881       0.9884      0.9887      0.9890
   2.3      0.9893       0.9896      0.9898      0.9901       0.9904       0.9906       0.9909       0.9911      0.9913      0.9916
   2.4      0.9918       0.9920      0.9922      0.9925       0.9927       0.9929       0.9931       0.9932      0.9934      0.9936
   2.5      09938       0.9940      0.9941      0.9943       0.9945       0.9946       0.9948       0.9949      0.9951      0.9952
   2.6      0.9953       0.9955      0.9956      0.9957       0.9959       0.9960       0.9961       0.9962      0.9963      0.9964
   2.7      0.9965       0.9966      0.9967      0.9968       0.9969       0.9970       0.9971       0.9972      0.9973      0.9974
   2.8      0.9974       0.9975      0.9976      0.9977       0.9977       0.9978       0.9979       0.9979      0.9980      0.9981
   2.9      0.9981       0.9982      0.9982      0.9983       0.9984       0.9984       0.9985       0.9985      0.9986      0.9986
   3.0      0.9987       0.9987      0.9987      0.9988       0.9988       0.9989       0.9989       0.9989      0.9990      0.9990
   3.1      0.9990       0.9991      0.9991      0.9991       0.9992       0.9992       0.9992       0.9992      0.9993      0.9993
   3.2      0.9993       0.9993      0.9994      0.9994       0.9994       0.9994       0.9994       0.9995      0.9995      0.9995
   3.3      0.9995       0.9995      0.9995      0.9996       0.9996       0.9996       0.9996       0.9996      0.9996      0.9997
   3.4      0.9997       0.9997      0.9997      0.9997       0.9997       0.9997       0.9997       0.9997      0.9997      0.9998


© The Institute of Chartered Accountants of India


====================== PAGE 3 ======================


APPENDIX            A.3

   LOGARITHMS
 N    0       1      2     3     4      5       6      7      8      9    1   2   3    4    5    6    7    8    9
      0000    0043   0086  0128  0170                                           5    9   13   17   21   26   30   34   38
 10
                                         0212    0253    0294   0334   0374    4    8   12   16   20   24   28   32   36
      0414    0453   0492  0531  0569                                           4    8   12   16   20   23   27   31   35
 11
                                         0607    0645    0682   0719   0755    4    7   11   15   18   22   26   29   33
      0792    0828   0864  0899  0934                                           3    7   11   14   18   21   25   28   32
 12
                                         0969    1004    1038   1072   1106    3    7   10   14   17   20   24   27   31
      1139    1173   1206  1239  1271                                           3    6   10   13   16   19   23   26   29
 13
                                         1303    1335    1367   1399   1430    3    7   10   13   16   19   22   25   29
      1461    1492   1523  1553  1584                                           3    6    9    12   15   19   22   25   28
 14
                                         1614    1644    1673   1703   1732    3    6    9    12   14   17   20   23   26
      1761    1790   1818  1847  1875                                           3    6    9    11   14   17   20   23   26
 15
                                         1903    1931    1959   1987   2014    3    6    8    11   14   17   19   22   25
      2041    2068   2095  2122  2148                                           3    6    8    11   14   16   19   22   24
 16
                                         2175    2201    2227   2253   2279    3    5    8    10   13   16   18   21   23
      2304    2330   2355  2380  2405                                           3    5    8    10   13   15   18   20   23
 17
                                          2430    2455    2480  2504   2529    3    5    8    10   12   15   17   20   22
      2553    2577   2601  2625  2648                                           2    5    7    9    12   14   17   19   21
 18
                                         2672    2695    2718   2742   2765    2    4    7    9    11   14   16   18   21
      2788    2810   2833  2856  2878                                           2    4    7    9    11   13   16   18   20
 19
                                         2900    2923    2945   2967   2989    2    4    6    8    11   13   15   17   19
 20  3010    3032   3054  3075  3096   3118    3139    3160   3181   3201    2    4    6    8    11   13   15   17   19
 21  3222    3243   3263  3284  3304   3324    3345    3365   3385   3404    2    4    6    8    10   12   14   16   18
 22  3424    3444   3464  3483  3502   3522    3541    3560   3579   3598    2    4    6    8    10   12   14   15   17
 23  3617    3636   3655  3674  3692   3711    3729    3747   3766   3784    2    4    6    7    9    11   13   15   17
 24  3802    3820   3838  3856  3874   3892    3909    3927   3945   3962    2    4    5    7    9    11   12   14   16
 25  3979    3997   4014  4031  4048   4065    4082    4099   4116   4133    2    3    5    7    9    10   12   14   15
 26  4150    4166   4183  4200  4216   4232    4249    4265   4281   4298    2    3    5    7    8    10   11   13   15
 27  4314    4330   4346  4362  4378    393     4409    4425    440   4456    2    3    5    6    8    9    11   13   14
 28  4472    4487   4502  4518  4533   4548    4564    4579   4594   4609    2    3    5    6    8    9    11   12   14
 29  4624    4639   4654  4669  4683   4698    4713    4728   4742   4757    1    3    4    6    7    9    10   12   13
 30  4771    4786   4800  4814  4829    4843    4857    4871   4886   4900    1    3    4    6    7    9    10   11   12
 31  4914    4928   4942  4955  4969   4983    4997    5011   5024   5038    1    3    4    6    7    8    10   11   12
 32  5051    5065   5079  5092  5105   5119    5132    5145   5159   5172    1    3    4    5    7    8    9    11   12
 33  5185    5198   5211  5224  5237   5250    5263    5276   5289   5302    1    3    4    5    6    8    9    10   12
 34  5315    5328   5340  5353  5366   5378    5391    5403   5416   5428    1    3    4    5    6    8    9    10   11
 35  5441    5453   5465  5478  5490   5502    5514    5527   5539   5551    1    2    4    5    6    7    9    10   11
 36  5563    5575   5587  5599  5611   5623    5635    5647   5658   5670    1    2    4    5    6    7    8    10   11
 37  5682    5694   5705  5717  5729   5740    5752    5763   5775   5786    1    2    3    5    6    7    8    9    10


© The Institute of Chartered Accountants of India


====================== PAGE 4 ======================


A.4      STRATEGIC COST & PERFORMANCE MANAGEMENT

 38  5798    5809   5821  5832  5843   5855    5866    5877   5888   5899    1    2    3    5    6    7    8    9    10
 39  5911    5922   5933  5944  5955   5966    5977    5988   5999   6010    1    2    3    4    5    7    8    9    10
 40  6021    6031   6042  6053  6064   6075    6085    6096   6107   6117    1    2    3    4    5    6    8    9    10
 41  6128    6138   6149  6160  6170   6180    6191    6201   6212   6222    1    2    3    4    5    6    7    8    9
 42  6232    6243   6253  6263  6274   6284    6294    6304   6314   6325    1    2    3    4    5    6    7    8    9
 43  6335    6345   6355  6365  6375   6385    6395    6405   6415   6425    1    2    3    4    5    6    7    8    9
 44  6435    6444   6454  6464  6474   6484    6493    6503   6513   6522    1    2    3    4    5    6    7    8    9
 45  6532    6542   6551  6561  6471   6580    6590    6599   6609   6618    1    2    3    4    5    6    7    8    9
 46  6628    6637   6646  6656  6665   6675    6684    6693   6702   6712    1    2    3    4    5    6    7    7    8
 47  6721    6730   6739  6749  6758   6767    6776    6785   6794   6803    1    2    3    4    5    5    6    7    8
 48  6812    6821   6830  6839  6848   6857    6866    6875   6884   6893    1    2    3    4    4    5    6    7    8
 49  6902    6911   6920  6928  6937   6946    6955    6964   6972   6981    1    2    3    4    4    5    6    7    8
 50  6990    6998   7007  7016  7024   7033    7042    7050   7059   7067    1    2    3    3    4    5    6    7    8
 51  7076    7084   7093  7101  7110   7118    7126    7135   7143   7152    1    2    3    3    4    5    6    7    8
 52  7160    7168   7177  7185  7193   7202    7210    7218   7226   7235    1    2    2    3    4    5    6    7    7
 53  7243    7251   7259  7267  7275   7284    7292    7300   7308   7316    1    2    2    3    4    5    6    6    7
 54  7324    7332   7340  7348  7356   7364    7372    7380   7388   7396    1    2    2    3    4    5    6    6    7
 55  7404    7412   7419  7427  7435   7443    7451    7459   7466   7474    1    2    2    3    4    5    5    6    7
 56  7482    7490   7497  7505  7513   7520    7528    7536   7543   7551    1    2    2    3    4    5    5    6    7
 57  7559    7566   7574  7582  7589   7597    7604    7612   7619   7627    1    2    2    3    4    5    5    6    7
 58  7634    7642   7649  7657  7664   7672    7679    7686   7694   7701    1    1    2    3    4    4    5    6    7
 59  7709    7716   7723  7731  7738   7745    7752    7760   7767   7774    1    1    2    3    4    4    5    6    7
 60  7782    7789   7796  7803  7810   7818    7825    7832   7839   7846    1    1    2    3    4    4    5    6    6
 61  7853    7860   7768  7875  7882   7889    7896    7903   7910   7917    1    1    2    3    4    4    5    6    6
 62  7924    7931   7938  7945  7952   7959    7966    7973   7980   7987    1    1    2    3    3    4    5    6    6
 63  7993    8000   8007  8014  8021   8028    8035    8041   8048   8055    1    1    2    3    3    4    5    5    6
 64  8062    8069   8075  8082  8089   8096    8102    8109   8116   8122    1    1    2    3    3    4    5    5    6
 65  8129    8136   8142  8149  8156   8162    8169    8176   8182   8169    1    1    2    3    3    4    5    5    6
 66  8195    8202   8209  8215  8222   8228    8235    8241   8248   8254    1    1    2    3    3    4    5    5    6
 67  8261    8267   8274  8280  8287   8293    8299    8306   8312   8319    1    1    2    3    3    4    5    5    6
 68  8325    8331   8338  8344  8351   8357    8363    8370   8376   8382    1    1    2    3    3    4    4    5    6
 69  8388    8395   8401  8407  8414   8420    8426    8432   8439   8445    1    1    2    2    3    4    4    5    6
 70  8451    8457   8463  8470  8476   8482    8488    8494   8500   8506    1    1    2    2    3    4    4    5    6
 71  8513    8519   8525  8531  8537   8543    8549    8555   8561   8567    1    1    2    2    3    4    4    5    5
 72  8573    8579   8585  8591  8597   8603    8609    8615   8621   8627    1    1    2    2    3    4    4    5    5
 73  8633    9639   8645  8651  8657   8663    8669    8675   8681   8686    1    1    2    2    3    4    4    5    5
 74  8692    8639   8704  8710  8716   8722    8727    8733   8739   8745    1    1    2    2    3    4    4    5    5
 75  8751    8756   8762  8768  8774   8779    8785    8791   8797   8802    1    1    2    2    3    3    4    5    5
 76  8808    8814   8820  8825  8831   8837    8842    8848   8854   8859    1    1    2    2    3    3    4    5    5
 77  8865    8871   8876  8882  8887   8893    8899    8904   8910   8915    1    1    2    2    3    3    4    4    5
 78  8921    8927   8932  8938  8943   8949    8954    8960   8965   8971    1    1    2    2    3    3    4    4    5
 79  8976    8982   8987  8993  8998   9004    9009    9015   9020   9025    1    1    2    2    3    3    4    4    5


© The Institute of Chartered Accountants of India


====================== PAGE 5 ======================


APPENDIX            A.5


 80  9031    9036   9042  9047  9053   9058    9063    9069   9074   9079    1    1    2    2    3    3    4    4    5
 81  9085    9090   9096  9101  9106   9112    9117    9122   9128   9133    1    1    2    2    3    3    4    4    5
 82  9138    9143   9149  9154  9159   9165    9170    9175   9180   9186    1    1    2    2    3    3    4    4    5
 83  9191    9196   9201  9206  9212   9217    9222    9227   9232   9238    1    1    2    2    3    3    4    4    5
 84  9243    9248   9253  9258  9263   9269    9274    9279   9284   9289    1    1    2    2    3    3    4    4    5
 85  9294    9299   9304  9309  9315   9320    9325    9330   9335   9340    1    1    2    2    3    3    4    4    5
 86  9345    9350   9355  9360  9365   9370    9375    9380   9385   9390    1    1    2    2    3    3    4    4    5
 87  9395    9400   9405  9410  9415   9420    9425    9430   9435   9440    0    1    1    2    2    3    3    4    4
 88  9445    9450   9455  9460  9465   9469    9474    9479   9484   9489    0    1    1    2    2    3    3    4    4
 89  9494    9499   9504  9509  9513   9518    9523    9528   9533   9538    0    1    1    2    2    3    3    4    4
 90  9542    9547   9552  9557  9562   9566    9571    9576   9581   9586    0    1    1    2    2    3    3    4    4
 91  9590    9595   9600  9605  9609   9614    9619    9624   9628   9633    0    1    1    2    2    3    3    4    4
 92  9638    9643   9647  9652  9657   9661    9666    9671   9675   9680    0    1    1    2    2    3    3    4    4
 93  9685    9689   9694  9699  9703   9708    9713    9717   9722   9727    0    1    1    2    2    3    3    4    4
 94  9731    9736   9741  9745  9750   9754    9759    9763   9768   9773    0    1    1    2    2    3    3    4    4
 95  9777    9782   9786  9791  9795   9800    9805    9809   9814   9818    0    1    1    2    2    3    3    4    4
 96  9823    9827   9832  9836  9841   9845    9850    9854   9859   9863    0    1    1    2    2    3    3    4    4
 97  9868    9872   9877  9881  9886   9890    9894    9899   9903   9908    0    1    1    2    2    3    3    4    4
 98  9912    9917   9921  9926  9930   9934    9939    9943   9948   9952    0    1    1    2    2    3    3    4    4
 99  9956    9961   9965  9969  9974   9978    9983    9987   9997   9996    0    1    1    2    2    3    3    3    4


© The Institute of Chartered Accountants of India


====================== PAGE 6 ======================


A.6      STRATEGIC COST & PERFORMANCE MANAGEMENT

    ANTILOGARITHMS
  N     0      1      2      3      4      5      6      7      8      9    1  2   3    4    5    6    7    8    9
  00  1000   1002   1005   1007   1009   1012   1014   1016   1019   1021   0   0    1     1     1     1     2     2    2
  .01  1023   1026   1028   1030   1033   1035   1038   1040   1042   1045   0   0    1     1     1     1     2     2    2
  .02  1047   1050   1052   1054   1057   1059   1062   1064   1067   1069   0   0    1     1     1     1     2     2    2
  .03  1072   1074   1076   1079   1081   1084   1086   1089   1091   1094   0   0    1     1     1     1     2     2    2
  .04  1096   1099   1102   1104   1107   1109   1112   1114   1117   1119   0   1    1     1     1     2     2     2    2
  .05  1122   1125   1127   1130   1132   1135   1138   1140   1143   1146   0   1    1     1     1     2     2     2    2
  .06  1148   1151   1153   1156   1159   1161   1164   1167   1119   1172   0   1    1     1     1     2     2     2    2
  .07  1175   1178   1180   1183   1186   1189   1191   1194   1197   1199   0   1    1     1     1     2     2     2    2
  .08  1202   1205   1208   1211   1213   1216   1219   1222   1225   1227   0   1    1     1     1     2     2     2    3
  .09  1230   1233   1236   1239   1242   1245   1247   1250   1253   1256   0   1    1     1     1     2     2     2    3
  .10  1259   1262   1265   1268   1271   1274   1276   1279   1282   1285   0   1    1     1     1     2     2     2    3
  .11  1288   1291   1294   1297   1300   1303   1306   1309   1312   1315   0   1    1     1     2     2     2     2    3
  .12  1318   1321   1324   1327   1330   1334   1337   1340   1343   1346   0   1    1     1     2     2     2     2    3
  .13  1349   1352   1355   1358   1361   1365   1368   1371   1374   1377   0   1    1     1     2     2     2     3    3
  .14  1380   1384   1387   1390   1393   1396   1400   1403   1406   1409   0   1    1     1     2     2     2     3    3
  .15  1413   1416   1419   1422   1426   1429   1432   1435   1439   1442   0   1    1     1     2     2     2     3    3
  .16  1445   1449   1452   1455   1459   1462   1466   1469   1472   1476   0   1    1     1     2     2     2     3    3
  .17  1479   1483   1486   1489   1493   1496   1500   1503   1507   1510   0   1    1     1     2     2     2     3    3
  .18  1514   1517   1521   1524   1528   1531   1535   1538   1542   1545   0   1    1     1     2     2     2     3    3
  .19  1549   1552   1556   1560   1563   1567   1570   1574   1578   1581   0   1    1     1     2     2     3     3    3
  .20  1585   1589   1592   1596   1600   1603   1607   1611   1614   1618   0   1    1     1     2     2     3     3    3
  .21  1622   1626   1629   1633   1637   1641   1644   1648   1652   1656   0   1    1     2     2     2     3     3    3
  .22  1660   1663   1667   1671   1675   1679   1683   1687   1690   1694   0   1    1     2     2     2     3     3    3
  .23  1698   1702   1706   1710   1714   1718   1722   1726   1730   1734   0   1    1     2     2     2     3     3    4
  .24  1738   1742   1746   1750   1754   1758   1762   1766   1770   1774   0   1    1     2     2     2     3     3    4
  .25  1778   1782   1786   1791   1795   1799   1803   1807   1811   1816   0   1    1     2     2     2     3     3    4
  .26  1820   1824   1828   1832   1837   1841   1845   1849   1854   1858   0   1    1     2     2     3     3     3    4
  .27  1862   1866   1871   1875   1879   1884   1888   1892   1897   1901   0   1    1     2     2     3     3     3    4
  .28  1905   1910   1914   1919   1923   1928   1932   1936   1941   1945   0   1    1     2     2     3     3     3    4
  .29  1950   1954   1959   1963   1968   1972   1977   1982   1986   1991   0   1    1     2     2     3     3     4    4
  .30  1995   2000   2004   2009   2014   2018   2023   2028   2032   2037   0   1    1     2     2     3     3     4    4
  .31  2042   2046   2051   2056   2061   2065   2070   2075   2080   2084   0   1    1     2     2     3     3     4    4
  .32  2089   2094   2099   2104   2109   2113   2118   2123   2128   2133   0   1    1     2     2     3     3     4    4
  .33  2138   2143   2148   2153   2158   2163   2168   2173   2178   2183   0   1    1     2     2     3     3     4    4
  .34  2188   2193   2198   2203   2208   2213   2218   2223   2228   2234   1   1    2     2     3     3     4     4    5
  .35  2239   2244   2249   2254   2259   2265   2270   2275   2280   2286   1   1    2     2     3     3     4     4    5
  .36  2291   2296   2301   2307   2312   2317   2323   2328   2333   2339   1   1    2     2     3     3     4     4    5
  .37  2344   2350   2355   2360   2366   2371   2377   2382   2388   2393   1   1    2     2     3     3     4     4    5


© The Institute of Chartered Accountants of India


====================== PAGE 7 ======================


APPENDIX            A.7

  .38  2399   2404   2410   2415   2421   2427   2432   2438   2443   2449   1   1    2     2     3     3     4     4    5
  .39  2455   2460   2466   2472   2477   2483   2489   2495   2500   2506   1   1    2     2     3     3     4     5    5
  .40  2512   2518   2523   2529   2535   2541   2547   2553   2559   2564   1   1    2     2     3     4     4     5    5
  .41  2570   2576   2582   2588   2594   2600   2606   2612   2618   2624   1   1    2     2     3     4     4     5    5
  .42  2630   2636   2642   2649   2655   2661   2667   2673   2679   2685   1   1    2     2     3     4     4     5    6
  .43  2692   2698   2704   2710   2716   2723   2729   2735   2742   2748   1   1    2     3     3     4     4     5    6
  .44  2754   2761   2767   2773   2780   2786   2793   2799   2805   2812   1   1    2     3     3     4     4     5    6
  .45  2818   2825   2831   2838   2844   2851   2858   2864   2871   2877   1   1    2     3     3     4     5     5    6
  .46  2884   2891   2897   2904   2911   2917   2924   2931   2938   2944   1   1    2     3     3     4     5     5    6
  .47  2951   2958   2965   2972   2979   2985   2992   2999   3006   3013   1   1    2     3     3     4     5     5    6
  .48  3020   3027   3034   3041   3048   3055   3062   3069   3076   3083   1   1    2     3     3     4     5     6    6
  .49  3090   3097   3105   3112   3119   3126   3133   3141   3148   3155   1   1    2     3     3     4     5     6    6
  .50  3162   3170   3177   3184   3192   3199   3206   3214   3221   3228   1   1    2     3     4     4     5     6    7
  .51  3236   3243   3251   3258   3266   3273   3281   3289   3296   3304   1   2    2     3     4     5     5     6    7
  .52  3311   3319   3327   3334   3342   3350   3357   3365   3373   3381   1   2    2     3     4     5     5     6    7
  .53  3388   3396   3404   3412   3420   3428   3436   3443   3451   3459   1   2    2     3     4     5     6     6    7
  .54  3467   3475   3483   3491   3499   3508   3516   3524   3532   3540   1   2    2     3     4     5     6     6    7
  .55  3548   3556   3565   3573   3581   3589   3597   3606   3614   3622   1   2    2     3     4     5     6     7    7
  .56  3631   3639   3648   3656   3664   3673   3681   3690   3698   3707   1   2    3     3     4     5     6     7    8
  .57  3715   3724   3733   3741   3750   3758   3767   3776   3784   3793   1   2    3     3     4     5     6     7    8
  .58  3802   3811   3819   3828   3837   3846   3855   3864   3873   3882   1   2    3     4     4     5     6     7    8
  .59  3890   3899   3908   3917   3926   3936   3945   3954   3963   3972   1   2    3     4     5     5     6     7    8
  .60  3981   3990   3999   4009   4018   4027   4036   4046   4055   4064   1   2    3     4     5     6     6     7    8
  .61  4074   4083   4093   4102   4111   4121   4130   4140   4150   4159   1   2    3     4     5     6     7     8    9
  .62  4169   4178   4188   4198   4207   4217   4227   4236   4246   4256   1   2    3     4     5     6     7     8    9
  .63  4266   4276   4285   4295   4305   4315   4325   4335   4345   4355   1   2    3     4     5     6     7     8    9
  .64  4365   4375   4385   4395   4406   4416   4426   4436   4446   4457   1   2    3     4     5     6     7     8    9
  .65  4467   4477   4487   4498   4508   4519   4529   4539   4550   4560   1   2    3     4     5     6     7     8    9
  .66  4571   4581   4592   4603   4613   4624   4634   4645   4656   4667   1   2    3     4     5     6     7     9    10
  .67  4677   4688   4699   4710   4721   4732   4742   4753   4764   4775   1   2    3     4     5     7     8     9    10
  .68  4786   4797   4808   4819   4831   4842   4853   4864   4875   4887   1   2    3     4     6     7     8     9    10
  .69  4898   4909   4920   4932   4943   4955   4966   4977   4989   5000   1   2    3     5     6     7     8     9    10
  .70  5012   5023   5035   5047   5058   5070   5082   5093   5105   5117   1   2    4     5     6     7     8     9    11
  .71  5129   5140   5152   5164   5176   5188   5200   5212   5224   5236   1   2    4     5     6     7     8    10   11
  .72  5248   5260   5272   5284   5297   5300   5321   5333   5346   5358   1   2    4     5     6     7     9    10   11
  .73  5370   5383   5395   5408   5420   5433   5445   5458   5470   5483   1   3    4     5     6     8     9    10   11
  .74  5495   5508   5521   5534   5546   5559   5572   5585   5598   5610   1   3    4     5     6     8     9    10   12
  .75  5623   5636   5649   5662   5675   5689   5702   5715   5728   5741   1   3    4     5     7     8     9    10   12
  .76  5754   5768   5781   5794   5808   5821   5834   5848   5861   5875   1   3    4     5     7     8     9    11   12
  .77  5888   5902   5916   5929   5943   5957   5970   5984   5998   6012   1   3    4     5     7     8    10   11   12
  .78  6026   6039   6053   6067   6081   6095   6109   6124   6138   6152   1   3    4     6     7     8    10   11   13
  .79  6166   6180   6194   6209   6223   6237   6252   6266   6281   6295   1   3    4     6     7     9    10   11   13


© The Institute of Chartered Accountants of India


====================== PAGE 8 ======================


A.8      STRATEGIC COST & PERFORMANCE MANAGEMENT

  .80  6310   6324   6339   6353   6368   6383   6397   6412   6427   6442   1   3    4     6     7     9    10   12   13
  .81  6457   6471   6486   6501   6516   6531   6546   6561   6577   6592   2   3    5     6     7     9    11   12   14
  .82  6607   6622   6637   6653   6668   6683   6699   6714   6730   6745   2   3    5     6     8     9    11   12   14
  .83  6761   6776   6792   6808   6823   6839   6855   6871   6887   6902   2   3    5     6     8     9    11   13   14
  .84  6918   6934   6950   6966   6982   6998   7015   7031   7047   7063   2   3    5     6     8    10   11   13   15
  .85  7079   7096   7112   7129   7145   7161   7178   7194   7211   7228   2   3    5     7     8    10   12   13   15
  .86  7244   7261   7278   7295   7311   7328   7345   7362   7379   7396   2   3    5     7     8    10   12   13   15
  .87  7413   7430   7447   7464   7482   7499   7516   7534   7551   7568   2   3    5     7     9    10   12   14   16
  .88  7586   7603   7621   7638   7656   7674   7691   7709   7727   7745   2   4    5     7     9    11   12   14   16
  .89  7762   7780   7798   7816   7834   7852   7870   7889   7907   7925   2   4    5     7     9    11   13   14   16
  .90  7943   7962   7980   7998   8017   8035   8054   8072   8091   8110   2   4    6     7     9    11   13   15   17
  .91  8128   8147   8166   8185   8204   8222   8241   8260   8279   8299   2   4    6     8     9    11   13   15   17
  .92  8318   8337   8356   8375   8395   8414   8433   8453   8472   8492   2   4    6     8    10   12   13   15   17
  .93  8511   8531   8551   8570   8590   8610   8630   8650   8670   8690   2   4    6     8    10   12   14   16   18
  .94  8710   8730   8750   8770   8790   8810   8831   8851   8872   8892   2   4    6     8    10   12   14   16   18
  .95  8913   8933   8954   8974   8995   9016   9036   9057   9078   9099   2   4    6     8    10   12   15   17   19
  .96  9120   9141   9162   9183   9204   9226   9247   9268   9290   9311   2   4    6     8    11   13   15   17   19
  .97  9333   9354   9376   9397   9419   9441   9462   9484   9506   9528   2   4    7     9    11   13   15   17   20
  .98  9550   9572   9594   9616   9638   9661   9683   9705   9727   9750   2   4    7     9    11   13   16   18   20
  .99  9772   9795   9817   9840   9863   9886   9908   9931   9954   9977   2   5    7     9    11   14   16   18   20


© The Institute of Chartered Accountants of India
